    Cell Cycle Duration [h]  Gap 1 [h]  Synthesis [h]  Gap 2 [h]  Mitosis [h]  TCP [%]  Fractions [-]     Duration [h]     Doses [Gy] Survival [-]
0                        16          5              8          2            1      0.0  32.18 ± 1.996  772.32 ± 47.925  35.28 ± 2.126      0.0007 
1                        16          5              8          2            1      0.0  31.34 ± 3.397  752.16 ± 81.544   31.52 ± 3.64      0.0006 
2                        17          6              8          2            1      2.0  36.54 ± 4.295  876.96 ± 103.08  41.82 ± 12.67       0.039 
3                        16          5              8          2            1      4.0   32.86 ± 2.66  788.64 ± 63.861  38.0 ± 0.9398      0.0379 
4                        17          5              8          3            1      4.0   35.94 ± 4.64  862.56 ± 111.37   41.8 ± 0.254      0.0825 
5                        17          5              8          3            1      6.0  36.44 ± 3.371  874.56 ± 80.913  43.02 ± 12.41      0.0571 
6                        17          5              8          3            1      6.0  35.72 ± 3.919  857.28 ± 94.065   41.2 ± 0.334        0.05 
7                        18          6              9          2            1      6.0  40.62 ± 3.974  974.88 ± 95.384   49.26 ± 17.1      0.0838 
8                        18          5              8          4            1     22.0  38.0 ± 0.0908    912.0 ± 70.18   50.2 ± 3.738      0.2144 
9                        18          6              8          3            1     32.0    36.2 ± 0.28   868.8 ± 98.722  53.42 ± 17.45      0.3375 
10                       19          6             10          2            1     40.0  38.6 ± 0.1367   926.4 ± 19.281  59.24 ± 17.07      0.3771 
11                       19          6              9          3            1     50.0   35.8 ± 0.615   859.2 ± 54.762   59.48 ± 15.2      0.4996 
12                       19          6              8          4            1     56.0  33.24 ± 10.91  797.76 ± 261.87  56.34 ± 11.25      0.5368 
13                       19          8              8          2            1     68.0  33.02 ± 10.97  792.48 ± 263.36   64.0 ± 7.641      0.6839 
14                       20          6             10          3            1     82.0  31.2 ± 0.6891    748.8 ± 32.54  66.18 ± 13.37      0.7968 
15                       20          8              9          2            1     82.0  29.58 ± 10.21  709.92 ± 245.08  62.52 ± 14.03         0.8 
16                       20          8              8          3            1     88.0  27.74 ± 10.13  665.76 ± 243.13  62.12 ± 15.33      0.8708 
17                       20          6              9          4            1     90.0  25.96 ± 10.36  623.04 ± 248.76  58.58 ± 14.91      0.8698 
18                       21          8              8          4            1     98.0  22.7 ± 0.8563   544.8 ± 64.553   56.56 ± 10.8       0.945 
19                       21         10              8          2            1    100.0  23.42 ± 5.351  562.08 ± 128.44  60.04 ± 10.87      0.9775 
20                       21          6             10          4            1    100.0  22.6 ± 0.8549   542.4 ± 40.517  57.82 ± 11.54      0.9669 
21                       21          8             10          2            1    100.0   25.52 ± 7.17  612.48 ± 172.08  64.92 ± 14.51      0.9783 
22                       21          8              9          3            1    100.0  22.36 ± 5.534  536.64 ± 132.82   57.74 ± 10.7      0.9609 
23                       22         10              8          3            1    100.0  18.76 ± 4.563  450.24 ± 109.51  49.56 ± 9.106      0.9742 
24                       22         10              9          2            1    100.0  19.78 ± 4.428  474.72 ± 106.28  52.3 ± 0.9543      0.9717 
25                       22          8             10          3            1    100.0   20.54 ± 5.15  492.96 ± 123.61  53.98 ± 11.59      0.9657 
26                       22          8              9          4            1    100.0  19.06 ± 4.253  457.44 ± 102.09  50.34 ± 8.952      0.9688 
27                       23         10             10          2            1    100.0  18.14 ± 4.749  435.36 ± 113.99  48.94 ± 9.821      0.9652 
28                       23         10              8          4            1    100.0  16.24 ± 3.265  389.76 ± 78.367  44.34 ± 6.644      0.9552 
29                       23         10              9          3            1    100.0  17.24 ± 3.265  413.76 ± 78.367  47.28 ± 8.234      0.9607 
30                       23          8             10          4            1    100.0  17.76 ± 3.564  426.24 ± 85.537  47.26 ± 7.488      0.9663 
31                       24         10             10          3            1    100.0  16.24 ± 2.867  389.76 ± 68.819   44.68 ± 6.73      0.9498 
32                       24         10              9          4            1    100.0   16.04 ± 2.63  384.96 ± 63.126  44.06 ± 6.319      0.9633 
33                       25         10             10          4            1    100.0  14.2 ± 0.9257   340.8 ± 0.2179  40.2 ± 0.2481      0.9577 