     Sum of radiosensitivities  Gap 1  Synthesis  Gap 2  Mitosis  Quiescence  TCP [%]  Fractions [-]     Duration [h]     Doses [Gy] Survival [-]  Start RT [h]  HCells [-]  CCells [-]
0                     0.302083   0.25       0.25   0.50     0.50        0.25      0.0  48.6 ± 0.3237   1166.4 ± 55.77    61.78 ± 6.5       0.006            350        4176        3148
1                     0.302083   0.25       0.25   0.50     0.50        0.50      0.0   49.12 ± 1.85   1178.8 ± 44.42  62.88 ± 3.766      0.0035            350        4278        4611
2                     0.302083   0.25       0.25   0.50     0.50        0.75      0.0  48.86 ± 2.078   1172.6 ± 49.88  62.22 ± 5.896      0.0061            350        4165        4852
3                     0.312500   0.25       0.25   0.50     0.75        0.25      0.0  49.18 ± 1.894   1180.3 ± 45.45  63.36 ± 6.311      0.0099            350        4151        5733
4                     0.312500   0.25       0.25   0.50     0.75        0.50      0.0  49.36 ± 1.752   1184.6 ± 42.05  63.38 ± 5.418      0.0061            350        4167        5294
5                     0.312500   0.25       0.25   0.50     0.75        0.75      0.0  48.96 ± 2.068   1175.0 ± 49.64  63.54 ± 6.502        0.01            350        4164        4637
6                     0.322917   0.25       0.25   0.50     1.00        0.50      0.0  49.24 ± 1.892   1181.7 ± 45.42   64.58 ± 6.45      0.0105            350        4232        3332
7                     0.416667   0.50       0.25   0.50     0.50        0.25      0.0  50.78 ± 0.756   1218.7 ± 18.14    77.3 ± 8.02      0.1947            350        4231        5128
8                     0.416667   0.50       0.25   0.50     0.50        0.50      0.0  50.98 ± 0.509   1223.5 ± 12.22  83.04 ± 20.25       0.265            317        4268       10076
9                     0.416667   0.50       0.25   0.50     0.50        0.75      0.0  50.98 ± 0.373   1223.5 ± 8.967  77.62 ± 16.25      0.2042            350        4163        6595
10                    0.427083   0.50       0.25   0.50     0.75        0.25      0.0  50.9 ± 0.5744  1221.6 ± 13.786  80.88 ± 21.84      0.2321            350        4152        5488
11                    0.427083   0.50       0.25   0.50     0.75        0.50      0.0  50.8 ± 0.7483  1219.2 ± 17.959   83.42 ± 25.4       0.265            350        4232        4810
12                    0.427083   0.50       0.25   0.50     0.75        0.75      0.0     50.9 ± 0.3     1221.6 ± 7.2  79.46 ± 17.29      0.2397            325        4224       10720
13                    0.437500   0.50       0.25   0.50     1.00        0.50      0.0  50.94 ± 0.613   1222.5 ± 14.72   86.64 ± 22.2      0.3212            336        4238        9148
14                    0.437500   0.50       0.25   0.50     1.00        0.25      0.0  50.84 ± 0.578   1220.1 ± 13.87  80.28 ± 22.57      0.2423            350        4163        5892
15                    0.531250   0.75       0.25   0.50     0.50        0.25      2.0   50.94 ± 0.31   1222.5 ± 7.451   119.3 ± 28.0      0.6664            350        4202        6805
16                    0.531250   0.75       0.25   0.50     0.50        0.50      6.0   50.56 ± 1.92   1213.4 ± 46.08   122.6 ± 26.6      0.7039            349        4216        9508
17                    0.531250   0.75       0.25   0.50     0.50        0.75      4.0  50.58 ± 2.254   1213.9 ± 54.11   122.9 ± 26.9      0.7063            350        4192        5089
18                    0.541667   0.75       0.25   0.50     0.75        0.25     10.0  50.44 ± 2.136   1210.5 ± 51.28   122.3 ± 24.7      0.7525            350        4190        4121
19                    0.541667   0.75       0.25   0.50     0.75        0.50      2.0  50.9 ± 0.8774  1221.6 ± 21.059   122.1 ± 24.9       0.723            350        4161        2742
20                    0.541667   0.75       0.25   0.50     0.75        0.75      6.0  50.44 ± 2.316   1210.5 ± 55.59   118.8 ± 27.6      0.6724            350        4217        3983
21                    0.552083   0.75       0.25   0.50     1.00        0.25     10.0    49.72 ± 4.2   1193.2 ± 100.8  127.4 ± 16.54      0.8441            350        4173        4474
22                    0.552083   0.75       0.25   0.50     1.00        0.50     10.0  50.54 ± 1.951   1212.9 ± 46.83   126.8 ± 18.8      0.7902            350        4228        5932
23                    0.552083   0.75       0.25   0.50     1.00        0.75     12.0  49.86 ± 4.089   1196.6 ± 98.13   125.2 ± 19.9       0.764            350        4237        4412
24                    0.572917   0.75       0.25   0.75     0.50        0.25     14.0    49.86 ± 3.8    1196.6 ± 91.2   126.9 ± 16.3       0.849            350        4170        3634
25                    0.572917   0.75       0.25   0.75     0.50        0.50     24.0  48.96 ± 4.534   1175.0 ± 108.8  123.1 ± 18.53      0.8453            350        4166        3135
26                    0.572917   0.75       0.25   0.75     0.50        0.75     22.0  49.06 ± 5.345   1177.4 ± 128.2   121.0 ± 23.4      0.8232            350        4177        4825
27                    0.583333   0.75       0.25   0.75     0.75        0.75     28.0  47.92 ± 6.327   1150.0 ± 151.8   123.4 ± 14.6      0.8952            350        4180        2334
28                    0.583333   0.75       0.25   0.75     0.75        0.25     18.0  49.1 ± 0.1778  1178.4 ± 124.26   122.3 ± 17.3      0.8638            350        4163        4126
29                    0.583333   0.75       0.25   0.75     0.75        0.50     18.0  48.92 ± 5.635   1174.0 ± 135.2   121.0 ± 20.6      0.8345            350        4238        5211
30                    0.593750   0.75       0.25   0.75     1.00        0.25     24.0  48.82 ± 4.978   1171.6 ± 119.4   123.3 ± 16.4       0.888            350        4251        7193
31                    0.593750   0.75       0.25   0.75     1.00        0.50     38.0  47.36 ± 6.192   1136.6 ± 148.6  122.9 ± 15.15      0.8888            350        4203        5854
32                    0.593750   0.75       0.25   0.75     1.00        0.75     20.0   49.14 ± 4.98   1179.3 ± 119.5   125.0 ± 13.7      0.8682            350        4249        7610
33                    0.645833   1.00       0.25   0.50     0.50        0.25     52.0   44.58 ± 7.98   1069.9 ± 191.5  112.4 ± 17.84      0.8993            349        4236        9134
34                    0.645833   1.00       0.25   0.50     0.50        0.50     46.0   45.92 ± 6.97   1102.0 ± 167.3   114.9 ± 16.7      0.9084            336        4256        9006
35                    0.645833   1.00       0.25   0.50     0.50        0.75     32.0  47.52 ± 6.096   1140.4 ± 146.3   118.3 ± 14.2      0.9018            350        4247        3902
36                    0.656250   1.00       0.25   0.50     0.75        0.25     50.0  44.9 ± 0.1098  1077.6 ± 194.63   113.5 ± 16.7      0.9258            350        4186        6242
37                    0.656250   1.00       0.25   0.50     0.75        0.50     70.0  40.36 ± 9.595  968.64 ± 230.28   106.7 ± 19.1      0.9428            350        4155        4227
38                    0.656250   1.00       0.25   0.50     0.75        0.75     44.0  44.9 ± 0.5188  1077.6 ± 204.45   111.1 ± 14.6      0.9122            350        4138        4837
39                    0.666667   1.00       0.25   0.50     1.00        0.75     58.0  42.16 ± 9.226   1011.8 ± 221.4   107.0 ± 17.9      0.9299            350        4259        4022
40                    0.666667   1.00       0.25   0.50     1.00        0.25     66.0  42.3 ± 0.2346  1015.2 ± 197.63   106.0 ± 16.2      0.9226            350        4192        5983
41                    0.666667   1.00       0.25   0.50     1.00        0.50     70.0  42.44 ± 8.087   1018.5 ± 194.0   111.3 ± 16.3      0.9485            341        4177        9128
42                    0.687500   1.00       0.25   0.75     0.50        0.75     82.0  38.2 ± 0.9955   916.8 ± 15.893   100.2 ± 18.2       0.966            350        4223        4795
43                    0.687500   1.00       0.25   0.75     0.50        0.25     84.0  38.64 ± 8.788  927.36 ± 210.91   100.5 ± 17.3      0.9556            350        4167        6510
44                    0.687500   1.00       0.25   0.75     0.50        0.50     76.0  40.32 ± 8.509  967.68 ± 204.23   105.3 ± 16.5      0.9698            350        4191        3968
45                    0.697917   1.00       0.25   0.75     0.75        0.25     80.0  36.76 ± 10.46  882.24 ± 251.19  95.84 ± 20.63      0.9643            350        4232        4073
46                    0.697917   1.00       0.25   0.75     0.75        0.50     90.0  36.06 ± 8.396   865.44 ± 201.5  96.52 ± 17.93      0.9687            350        4180        4242
47                    0.697917   1.00       0.25   0.75     0.75        0.75     86.0  37.06 ± 9.634  889.44 ± 231.21   95.9 ± 0.327      0.9548            350        4165        5707
48                    0.708333   1.00       0.25   0.75     1.00        0.25     90.0  34.86 ± 9.068  836.64 ± 217.64   92.6 ± 7.816      0.9654            350        4130        2932
49                    0.708333   1.00       0.25   0.75     1.00        0.50     92.0  36.96 ± 8.163  887.04 ± 195.91   97.0 ± 7.079      0.9747            350        4204        4795
50                    0.708333   1.00       0.25   0.75     1.00        0.75     92.0   33.62 ± 8.51  806.88 ± 204.26   90.16 ± 17.8      0.9644            350        4210        3654
51                    0.729167   1.00       0.25   1.00     0.50        0.50     90.0  34.44 ± 8.131  826.56 ± 195.16  91.46 ± 16.55      0.9727            350        4183        6141
52                    0.729167   1.00       0.25   1.00     0.50        0.25     90.0  33.76 ± 9.551  810.24 ± 229.22  88.28 ± 18.73      0.9641            350        4227        5480
53                    0.729167   1.00       0.25   1.00     0.50        0.75     96.0  33.66 ± 8.739  807.84 ± 209.75  89.12 ± 18.38      0.9739            350        4184        6397
54                    0.729167   1.00       0.50   0.50     0.50        0.75     98.0  30.16 ± 7.558   723.84 ± 181.4  81.22 ± 15.57      0.9749            350        4192        4448
55                    0.729167   1.00       0.50   0.50     0.50        0.50     98.0  29.24 ± 7.832  701.76 ± 187.97  77.78 ± 16.15      0.9713            350        4162        4103
56                    0.729167   1.00       0.50   0.50     0.50        0.25    100.0  29.18 ± 7.921  700.32 ± 190.11   78.1 ± 6.462      0.9629            350        4230        4629
57                    0.739583   1.00       0.25   1.00     0.75        0.75     96.0  32.72 ± 8.699  785.28 ± 208.78  87.48 ± 18.26      0.9819            350        4112        5120
58                    0.739583   1.00       0.25   1.00     0.75        0.50    100.0  31.5 ± 0.7327   756.0 ± 61.586  84.96 ± 14.82      0.9765            350        4216        4305
59                    0.739583   1.00       0.25   1.00     0.75        0.25     98.0  32.18 ± 7.819  772.32 ± 187.67   85.7 ± 6.243      0.9642            337        4200        9162
60                    0.739583   1.00       0.50   0.50     0.75        0.25    100.0  29.36 ± 8.756  704.64 ± 210.14  78.18 ± 18.37      0.9727            341        4191        9702
61                    0.739583   1.00       0.50   0.50     0.75        0.50    100.0  27.04 ± 5.723  648.96 ± 137.36  73.68 ± 12.41      0.9733            350        4177        5375
62                    0.739583   1.00       0.50   0.50     0.75        0.75    100.0   28.52 ± 6.96  684.48 ± 167.05  76.12 ± 14.66      0.9747            317        4241        9170
63                    0.750000   1.00       0.25   1.00     1.00        0.25    100.0  30.72 ± 7.216   737.28 ± 173.2  83.46 ± 15.77      0.9766            350        4156        3169
64                    0.750000   1.00       0.25   1.00     1.00        0.50    100.0  29.1 ± 0.3192   698.4 ± 99.662  79.48 ± 18.02      0.9683            350        4161        4068
65                    0.750000   1.00       0.25   1.00     1.00        0.75    100.0  28.22 ± 5.382  677.28 ± 129.18  78.34 ± 11.79      0.9777            350        4176        3521
66                    0.750000   1.00       0.50   0.50     1.00        0.25    100.0  27.64 ± 6.389  663.36 ± 153.35  73.74 ± 13.61      0.9738            350        4206        4278
67                    0.750000   1.00       0.50   0.50     1.00        0.50    100.0  26.78 ± 6.083   642.72 ± 146.0  73.02 ± 13.16      0.9797            350        4147        4132
68                    0.750000   1.00       0.50   0.50     1.00        0.75    100.0  26.94 ± 7.395  646.56 ± 177.49  71.58 ± 15.65      0.9673            350        4194        4946
69                    0.760417   1.25       0.25   0.50     0.50        0.75     92.0  33.2 ± 0.8971   796.8 ± 13.532  88.32 ± 19.86      0.9724            350        4168        3998
70                    0.760417   1.25       0.25   0.50     0.50        0.50     96.0  31.06 ± 7.674  745.44 ± 184.18   84.54 ± 16.4      0.9718            350        4244        5887
71                    0.760417   1.25       0.25   0.50     0.50        0.25     98.0  31.44 ± 7.416  754.56 ± 177.99  84.36 ± 15.84      0.9735            350        4252        6746
72                    0.770833   1.00       0.50   0.75     0.50        0.50    100.0  25.42 ± 6.585  610.08 ± 158.04  69.02 ± 14.38      0.9738            350        4258        5036
73                    0.770833   1.00       0.50   0.75     0.50        0.25    100.0  23.78 ± 5.445  570.72 ± 130.68  65.86 ± 11.75      0.9591            350        4167        6138
74                    0.770833   1.25       0.25   0.50     0.75        0.25     94.0  31.32 ± 8.584  751.68 ± 206.03  83.36 ± 17.91      0.9668            350        4191        3838
75                    0.770833   1.25       0.25   0.50     0.75        0.50     96.0  31.3 ± 0.1516    751.2 ± 95.64  83.84 ± 17.05      0.9663            350        4253        5425
76                    0.770833   1.25       0.25   0.50     0.75        0.75    100.0  28.56 ± 5.582  685.44 ± 133.98  78.56 ± 12.96      0.9753            350        4177        4404
77                    0.770833   1.00       0.50   0.75     0.50        0.75    100.0  26.08 ± 6.719  625.92 ± 161.27   70.4 ± 5.942       0.974            350        4179        5453
78                    0.781250   1.25       0.25   0.50     1.00        0.25    100.0  28.28 ± 5.855  678.72 ± 140.52  77.62 ± 13.25       0.973            350        4166        3707
79                    0.781250   1.25       0.25   0.50     1.00        0.50    100.0  29.24 ± 7.726  701.76 ± 185.44  79.84 ± 18.24      0.9708            350        4216        3451
80                    0.781250   1.25       0.25   0.50     1.00        0.75    100.0  27.26 ± 5.354  654.24 ± 128.51   75.6 ± 2.774       0.971            350        4253        6862
81                    0.802083   1.25       0.25   0.75     0.50        0.25     98.0  28.18 ± 6.999  676.32 ± 167.97   75.6 ± 4.261      0.9711            350        4205        5298
82                    0.802083   1.25       0.25   0.75     0.50        0.50    100.0  25.46 ± 5.557  611.04 ± 133.38  70.56 ± 12.72      0.9762            341        4189        9180
83                    0.802083   1.25       0.25   0.75     0.50        0.75    100.0   27.0 ± 0.053   648.0 ± 45.274  73.46 ± 13.23      0.9764            350        4270        4796
84                    0.812500   1.25       0.25   0.75     0.75        0.75    100.0   26.78 ± 8.03  642.72 ± 192.73  72.66 ± 17.75      0.9727            350        4213        5401
85                    0.812500   1.25       0.25   0.75     0.75        0.25    100.0  25.78 ± 5.872  618.72 ± 140.95   70.5 ± 3.908      0.9696            350        4193        4013
86                    0.812500   1.25       0.25   0.75     0.75        0.50    100.0  25.32 ± 6.385  607.68 ± 153.25  69.22 ± 14.35       0.973            350        4225        4806
87                    0.875000   1.50       0.25   0.50     0.50        0.50    100.0  24.16 ± 6.265  579.84 ± 150.36   66.0 ± 3.386      0.9664            350        4231        5703
88                    0.875000   1.50       0.25   0.50     0.50        0.75    100.0  24.88 ± 5.559  597.12 ± 133.42  67.88 ± 12.44      0.9657            350        4221        6238
89                    0.875000   1.50       0.25   0.50     0.50        0.25    100.0  22.6 ± 0.2535   542.4 ± 26.085  63.32 ± 12.07      0.9615            350        4217        5981
90                    0.885417   1.50       0.25   0.50     0.75        0.25    100.0  23.32 ± 5.711  559.68 ± 137.06   64.8 ± 2.649      0.9685            350        4189        7686
91                    0.885417   1.50       0.25   0.50     0.75        0.50    100.0  23.18 ± 6.081  556.32 ± 145.96  63.52 ± 13.77      0.9693            350        4266        5402
92                    0.885417   1.50       0.25   0.50     0.75        0.75     98.0  22.48 ± 6.083   539.52 ± 146.0  62.06 ± 12.71      0.9611            350        4228        5124
93                    0.895833   1.50       0.25   0.50     1.00        0.25    100.0  21.72 ± 5.177  521.28 ± 124.24  61.34 ± 10.64      0.9605            350        4166        5013
94                    0.895833   1.50       0.25   0.50     1.00        0.50    100.0  21.18 ± 4.748  508.32 ± 113.96  60.62 ± 11.32      0.9755            350        4279        4606
95                    0.895833   1.50       0.25   0.50     1.00        0.75    100.0  22.86 ± 5.646  548.64 ± 135.51  62.28 ± 11.88      0.9688            350        4155        4444
96                    0.916667   1.50       0.25   0.75     0.50        0.25    100.0  21.78 ± 5.717  522.72 ± 137.22  61.28 ± 14.17      0.9722            350        4247        5160
97                    0.916667   1.50       0.25   0.75     0.50        0.50    100.0    20.56 ± 4.2  493.44 ± 100.81   57.86 ± 10.2      0.9648            350        4268        5967
98                    0.916667   1.50       0.25   0.75     0.50        0.75    100.0  20.02 ± 3.786  480.48 ± 90.882   56.92 ± 8.76      0.9723            350        4228        4717
99                    0.927083   1.50       0.25   0.75     0.75        0.25    100.0   20.5 ± 0.601   492.0 ± 10.426  57.58 ± 10.94      0.9687            350        4160        7103
100                   0.927083   1.50       0.25   0.75     0.75        0.50    100.0  20.48 ± 4.491  491.52 ± 107.78  55.72 ± 9.822      0.9628            336        4182        9484
101                   0.927083   1.50       0.25   0.75     0.75        0.75    100.0  19.74 ± 3.973  473.76 ± 95.375  55.88 ± 10.79      0.9625            350        4150        4981
102                   0.937500   1.50       0.25   0.75     1.00        0.50    100.0  18.76 ± 4.628  450.24 ± 111.08   53.6 ± 1.605       0.972            325        4212       10180
103                   0.937500   1.50       0.25   0.75     1.00        0.25    100.0  19.08 ± 4.284  457.92 ± 102.81  53.8 ± 0.9478      0.9679            350        4200        4806
104                   0.989583   1.75       0.25   0.50     0.50        0.75    100.0  19.54 ± 4.336  468.96 ± 104.08   55.18 ± 10.7      0.9687            350        4243        3996
105                   0.989583   1.75       0.25   0.50     0.50        0.50    100.0  18.9 ± 0.6914   453.6 ± 12.595  53.88 ± 12.32      0.9679            350        4210        4583
106                   0.989583   1.75       0.25   0.50     0.50        0.25    100.0  19.92 ± 5.912  478.08 ± 141.89   55.8 ± 3.592       0.969            350        4251        4570
107                   1.000000   1.75       0.25   0.50     0.75        0.25    100.0  20.06 ± 4.692  481.44 ± 112.61   56.2 ± 2.063      0.9631            350        4231        6091
108                   1.000000   1.75       0.25   0.50     0.75        0.50    100.0  18.8 ± 0.8785   451.2 ± 17.084   52.9 ± 2.113      0.9656            350        4222        4334
109                   1.000000   1.75       0.25   0.50     0.75        0.75    100.0  19.06 ± 4.071  457.44 ± 97.713  53.24 ± 9.021      0.9605            350        4245        3215
110                   1.010417   1.75       0.25   0.50     1.00        0.25    100.0  19.96 ± 5.726  479.04 ± 137.44  55.48 ± 13.35      0.9678            349        4162        9248
111                   1.010417   1.75       0.25   0.50     1.00        0.50    100.0  19.12 ± 4.245  458.88 ± 101.89  54.16 ± 10.56      0.9729            350        4157        3108
112                   1.010417   1.75       0.25   0.50     1.00        0.75    100.0  18.86 ± 4.686  452.64 ± 112.46   53.1 ± 0.109       0.969            350        4238        4706
113                   1.031250   1.75       0.25   0.75     0.50        0.25    100.0  16.66 ± 4.013  399.84 ± 96.312  47.88 ± 9.933      0.9632            350        4259        5727
114                   1.031250   1.75       0.25   0.75     0.50        0.50    100.0  17.56 ± 4.359  421.44 ± 104.63   49.6 ± 0.384      0.9689            350        4215        4265
115                   1.031250   1.75       0.25   0.75     0.50        0.75    100.0  16.98 ± 3.619  407.52 ± 86.864  48.04 ± 9.682      0.9594            350        4172        3117
116                   1.041667   1.75       0.25   0.75     0.75        0.50    100.0  17.44 ± 4.858   418.56 ± 116.6   48.54 ± 11.3      0.9663            350        4191        4537
117                   1.041667   1.75       0.25   0.75     0.75        0.25    100.0  15.9 ± 0.3778   381.6 ± 1.0688  45.96 ± 8.275      0.9632            350        4174        6669
118                   1.041667   1.75       0.25   0.75     0.75        0.75    100.0  16.68 ± 4.066  400.32 ± 97.599  47.44 ± 9.818      0.9601            350        4274        4352
119                   1.052083   1.75       0.25   0.75     1.00        0.50    100.0  16.0 ± 0.7568   384.0 ± 6.1634  45.9 ± 0.2361      0.9692            350        4178        4621
120                   1.052083   1.75       0.25   0.75     1.00        0.25    100.0  16.46 ± 4.341  395.04 ± 104.19  46.84 ± 10.15      0.9628            350        4210        4509
121                   1.052083   1.75       0.25   0.75     1.00        0.75    100.0  17.64 ± 4.038  423.36 ± 96.926   49.4 ± 0.283      0.9669            350        4201        3956