    Cell Cycle Duration [h]  Gap 1 [h]  Synthesis [h]  Gap 2 [h]  Mitosis [h]  TCP [%]  Fractions [-]     Duration [h]     Doses [Gy] Survival [-]  Start RT [h]  Init HCells [-]  Init CCells [-]
0                        16          5              8          2            1     72.0  34.74 ± 11.33  833.76 ± 272.15  81.82 ± 26.95      0.8196            259             4134             9480
1                        17          5              9          2            1     78.0  36.16 ± 11.56  867.84 ± 277.62   85.68 ± 26.7      0.8558            284             4079            10132
2                        17          6              8          2            1     88.0  31.42 ± 9.879   754.08 ± 237.1  76.58 ± 21.92      0.8777            272             4124            10334
3                        18          5             10          2            1     90.0  31.26 ± 11.53  750.24 ± 276.89  78.18 ± 23.51      0.9283            288             4113             9956
4                        17          5              8          3            1     94.0  29.46 ± 9.761  707.04 ± 234.27   73.4 ± 0.349      0.9086            272             4157             9424
5                        18          5              9          3            1     94.0  31.58 ± 9.514  757.92 ± 228.34  79.76 ± 18.96      0.9835            265             4256            10420
6                        18          6              9          2            1     96.0  27.42 ± 9.366  658.08 ± 224.78   70.7 ± 8.375      0.9614            300             4142             9090
7                        18          7              8          2            1     96.0  26.8 ± 0.7793   643.2 ± 62.705  68.44 ± 14.35      0.9299            309             4100             9746
8                        19          6             10          2            1     96.0  26.46 ± 7.195  635.04 ± 172.68   68.2 ± 3.741       0.955            305             4027             9408
9                        20          8              9          2            1     96.0  23.38 ± 7.238  561.12 ± 173.72   59.6 ± 2.167      0.9566            301             4185             9996
10                       19          5              9          4            1     98.0  24.12 ± 7.021  578.88 ± 168.52  62.44 ± 11.41      0.9594            280             4195            10188
11                       19          7              9          2            1     98.0  26.56 ± 7.566  637.44 ± 181.58  67.26 ± 14.48      0.9656            305             4159            10008
12                       20          6             10          3            1     98.0  24.04 ± 7.799  576.96 ± 187.19   61.8 ± 5.182      0.9608            304             4142            10446
13                       20          7              9          3            1     98.0  23.18 ± 7.474  556.32 ± 179.38   59.6 ± 3.096      0.9613            350             4013             6274
14                       18          5              8          4            1    100.0  25.82 ± 8.289  619.68 ± 198.93   67.5 ± 6.889      0.9756            307             4117             9850
15                       18          6              8          3            1    100.0  27.06 ± 10.12  649.44 ± 243.02  69.76 ± 20.35       0.963            264             4243             9666
16                       19          5             10          3            1    100.0  24.8 ± 0.1057   595.2 ± 46.537  65.38 ± 12.18      0.9709            308             4150             9788
17                       19          6              8          4            1    100.0  22.6 ± 0.4093   542.4 ± 53.824  60.04 ± 13.93      0.9627            309             4172            10428
18                       19          6              9          3            1    100.0  23.38 ± 6.829  561.12 ± 163.89  61.82 ± 14.33      0.9704            323             4134             9726
19                       19          7              8          3            1    100.0  22.62 ± 6.177  542.88 ± 148.24   59.8 ± 2.745      0.9768            327             4075            10696
20                       19          8              8          2            1    100.0  24.58 ± 7.866  589.92 ± 188.79  64.12 ± 16.85      0.9775            307             4130            10214
21                       20          5             10          4            1    100.0  22.96 ± 6.532  551.04 ± 156.78  59.84 ± 12.89      0.9691            321             4112            10484
22                       20          6              9          4            1    100.0  19.7 ± 0.8466   472.8 ± 16.319   52.66 ± 9.22      0.9576            314             4191             9006
23                       20          7              8          4            1    100.0  20.18 ± 4.831  484.32 ± 115.96  54.16 ± 10.38      0.9596            340             4153            10182
24                       20          8              8          3            1    100.0  20.32 ± 5.334  487.68 ± 128.02   55.2 ± 0.768      0.9733            341             4131             9224
25                       21          6             10          4            1    100.0  19.96 ± 5.102  479.04 ± 122.46  53.2 ± 0.8285      0.9672            350             4110             3540
26                       21          8             10          2            1    100.0  21.84 ± 5.675  524.16 ± 136.21   58.0 ± 1.324      0.9655            339             4147             9240
27                       21          8              8          4            1    100.0  18.56 ± 4.341  445.44 ± 104.18  50.54 ± 9.421      0.9685            315             4237            10054
28                       21          8              9          3            1    100.0  20.72 ± 4.103  497.28 ± 98.492  54.78 ± 8.732      0.9666            350             4166             7152
29                       22          8             10          3            1    100.0  19.78 ± 4.423  474.72 ± 106.17  53.04 ± 9.987       0.971            350             4151             3820
30                       22          8              9          4            1    100.0  18.28 ± 3.893   438.72 ± 93.45  49.72 ± 8.806      0.9716            309             4192             9312
31                       23          8             10          4            1    100.0  17.16 ± 3.413  411.84 ± 81.932  47.06 ± 8.001       0.968            350             4267             5858