     Sum of radiosensitivities  Gap 1  Synthesis  Gap 2  Mitosis  Quiescence  TCP [%]  Fractions [-]     Duration [h]     Doses [Gy] Survival [-]
0                     0.354167   0.25       0.25   0.75     0.75        0.25      0.0  49.6 ± 0.5231  1190.4 ± 36.555  63.68 ± 6.074      0.0112 
1                     0.354167   0.25       0.25   0.75     0.75        0.50      0.0  49.12 ± 1.924   1178.8 ± 46.19  63.32 ± 5.661      0.0108 
2                     0.364583   0.25       0.25   0.75     1.00        0.25      0.0  49.56 ± 1.687   1189.4 ± 40.49  63.38 ± 6.878      0.0152 
3                     0.364583   0.25       0.25   0.75     1.00        0.50      0.0  49.74 ± 1.694   1193.7 ± 40.67  65.2 ± 0.2166      0.0151 
4                     0.395833   0.25       0.25   1.00     0.75        0.25      0.0  49.56 ± 1.899   1189.4 ± 45.57  66.04 ± 9.478       0.046 
5                     0.395833   0.25       0.25   1.00     0.75        0.50      0.0  50.08 ± 1.324   1201.9 ± 31.78  67.02 ± 8.041      0.0389 
6                     0.406250   0.25       0.25   1.00     1.00        0.25      0.0  50.08 ± 1.213   1201.9 ± 29.13  65.7 ± 0.4457      0.0358 
7                     0.406250   0.25       0.25   1.00     1.00        0.50      0.0   50.3 ± 0.063  1207.2 ± 25.512   68.58 ± 9.57      0.0608 
8                     0.437500   0.25       0.50   0.75     0.75        0.25      0.0  50.56 ± 1.098   1213.4 ± 26.36  87.28 ± 24.87      0.3359 
9                     0.437500   0.25       0.50   0.75     0.75        0.50      0.0  50.82 ± 0.589   1219.6 ± 14.14  81.32 ± 20.92      0.2519 
10                    0.447917   0.25       0.50   0.75     1.00        0.25      0.0  50.82 ± 0.589   1219.6 ± 14.14  94.58 ± 30.99      0.3583 
11                    0.447917   0.25       0.50   0.75     1.00        0.50      0.0  50.72 ± 0.775   1217.2 ± 18.61  89.48 ± 28.29      0.3342 
12                    0.468750   0.50       0.25   0.75     0.75        0.50      0.0   50.98 ± 0.14    1223.5 ± 3.36   111.5 ± 31.1      0.4657 
13                    0.468750   0.50       0.25   0.75     0.75        0.25      0.0     51.0 ± 0.0     1224.0 ± 0.0   113.4 ± 28.4      0.4881 
14                    0.479167   0.25       0.50   1.00     0.75        0.50      0.0  50.8 ± 0.7483  1219.2 ± 17.959  96.86 ± 34.25      0.3368 
15                    0.479167   0.25       0.50   1.00     0.75        0.25      0.0     51.0 ± 0.0     1224.0 ± 0.0   107.1 ± 32.0      0.4471 
16                    0.479167   0.50       0.25   0.75     1.00        0.25      0.0  50.86 ± 0.632   1220.6 ± 15.18   105.7 ± 33.6      0.4172 
17                    0.479167   0.50       0.25   0.75     1.00        0.50      0.0  50.96 ± 0.195   1223.0 ± 4.703   121.0 ± 28.9      0.5371 
18                    0.489583   0.25       0.50   1.00     1.00        0.25      0.0  50.8 ± 0.7211  1219.2 ± 17.306  98.46 ± 35.58      0.3369 
19                    0.489583   0.25       0.50   1.00     1.00        0.50      0.0  50.96 ± 0.279    1223.0 ± 6.72  115.1 ± 32.05      0.4862 
20                    0.510417   0.50       0.25   1.00     0.75        0.25      0.0  50.92 ± 0.391   1222.0 ± 9.406   111.9 ± 32.8       0.497 
21                    0.510417   0.50       0.25   1.00     0.75        0.50      0.0   50.98 ± 0.14    1223.5 ± 3.36  125.6 ± 24.54       0.617 
22                    0.520833   0.50       0.25   1.00     1.00        0.50      0.0     51.0 ± 0.0     1224.0 ± 0.0  112.6 ± 31.14      0.5282 
23                    0.520833   0.50       0.25   1.00     1.00        0.25      4.0  50.7 ± 0.3453  1216.8 ± 32.288   110.3 ± 30.9      0.5224 
24                    0.552083   0.50       0.50   0.75     0.75        0.25     12.0  50.04 ± 3.411   1200.9 ± 81.87   127.5 ± 15.4      0.8773 
25                    0.552083   0.50       0.50   0.75     0.75        0.50     16.0  49.94 ± 3.139   1198.5 ± 75.34   124.0 ± 19.7      0.8232 
26                    0.562500   0.50       0.50   0.75     1.00        0.25     12.0   49.94 ± 3.27   1198.5 ± 78.49    128.1 ± 8.6      0.8955 
27                    0.562500   0.50       0.50   0.75     1.00        0.50     14.0  49.8 ± 0.3346  1195.2 ± 80.031   127.3 ± 6.37      0.8799 
28                    0.583333   0.75       0.25   0.75     0.75        0.25     26.0  48.38 ± 5.782   1161.1 ± 138.7   121.4 ± 19.3      0.8463 
29                    0.583333   0.75       0.25   0.75     0.75        0.50     34.0  47.34 ± 6.288   1136.1 ± 150.9   120.6 ± 18.2      0.8671 
30                    0.593750   0.75       0.25   0.75     1.00        0.50     18.0  49.52 ± 4.309   1188.4 ± 103.4   119.5 ± 20.5      0.8449 
31                    0.593750   0.75       0.25   0.75     1.00        0.25     32.0  48.52 ± 5.741   1164.4 ± 137.8   124.7 ± 16.8      0.9077 
32                    0.593750   0.50       0.50   1.00     0.75        0.25     30.0  47.88 ± 5.998   1149.1 ± 143.9   124.0 ± 11.0      0.9301 
33                    0.593750   0.50       0.50   1.00     0.75        0.50     30.0  48.52 ± 5.115   1164.4 ± 122.7   123.0 ± 13.3      0.9034 
34                    0.604167   0.50       0.50   1.00     1.00        0.50     42.0  48.1 ± 0.1623  1154.4 ± 123.89   119.8 ± 15.6      0.8979 
35                    0.604167   0.50       0.50   1.00     1.00        0.25     30.0  47.6 ± 0.2864  1142.4 ± 150.87  121.7 ± 11.28      0.9154 
36                    0.625000   0.75       0.25   1.00     0.75        0.25     44.0  46.84 ± 6.017   1124.1 ± 144.4   115.1 ± 19.7      0.8784 
37                    0.625000   0.75       0.25   1.00     0.75        0.50     44.0  46.52 ± 6.344   1116.4 ± 152.2   111.0 ± 21.6       0.843 
38                    0.635417   0.75       0.25   1.00     1.00        0.25     36.0  47.1 ± 0.1112  1130.4 ± 170.67   117.0 ± 16.0       0.898 
39                    0.635417   0.75       0.25   1.00     1.00        0.50     44.0  45.5 ± 0.2516  1092.0 ± 198.03   115.3 ± 15.1      0.9231 
40                    0.666667   0.75       0.50   0.75     0.75        0.25     90.0   36.06 ± 8.36  865.44 ± 200.64   95.06 ± 16.4       0.967 
41                    0.666667   0.75       0.50   0.75     0.75        0.50     80.0  37.18 ± 10.21  892.32 ± 245.06  96.44 ± 20.65      0.9546 
42                    0.677083   0.75       0.50   0.75     1.00        0.25     92.0  34.64 ± 8.051  831.36 ± 193.24  91.68 ± 16.47      0.9754 
43                    0.677083   0.75       0.50   0.75     1.00        0.50     90.0  36.6 ± 0.9151   878.4 ± 13.963   96.2 ± 8.164      0.9722 
44                    0.697917   1.00       0.25   0.75     0.75        0.50     88.0  36.78 ± 8.628  882.72 ± 207.08  97.24 ± 18.47      0.9708 
45                    0.697917   1.00       0.25   0.75     0.75        0.25     90.0  36.6 ± 0.8181   878.4 ± 11.635  97.46 ± 18.12      0.9697 
46                    0.708333   1.00       0.25   0.75     1.00        0.25     92.0     35.2 ± 0.0     844.8 ± 16.0  94.04 ± 19.17      0.9729 
47                    0.708333   0.75       0.50   1.00     0.75        0.25     94.0  32.62 ± 8.595  782.88 ± 206.28  86.38 ± 17.18      0.9792 
48                    0.708333   1.00       0.25   0.75     1.00        0.50     94.0  35.2 ± 0.8179    844.8 ± 87.63  93.72 ± 17.51      0.9738 
49                    0.708333   0.75       0.50   1.00     0.75        0.50     94.0  32.18 ± 8.468  772.32 ± 203.23  84.92 ± 16.98      0.9631 
50                    0.718750   0.75       0.50   1.00     1.00        0.25     98.0  28.66 ± 6.674  687.84 ± 160.17  76.94 ± 13.34      0.9664 
51                    0.718750   0.75       0.50   1.00     1.00        1.00     98.0  29.16 ± 6.558   699.84 ± 157.4  78.68 ± 13.89      0.9659 
52                    0.718750   0.75       0.50   1.00     1.00        0.50     98.0  30.88 ± 7.638  741.12 ± 183.32  82.18 ± 16.78      0.9806 
53                    0.739583   0.75       0.50   1.00     1.50        1.00    100.0  31.14 ± 8.452  747.36 ± 202.85   82.42 ± 18.3       0.969 
54                    0.739583   1.00       0.25   1.00     0.75        0.50     96.0  32.78 ± 8.023  786.72 ± 192.55  86.44 ± 16.81      0.9721 
55                    0.739583   1.00       0.25   1.00     0.75        0.25    100.0  31.72 ± 7.789  761.28 ± 186.95  85.04 ± 18.66      0.9813 
56                    0.739583   0.75       0.50   1.00     1.50        0.50     98.0  29.48 ± 6.512  707.52 ± 156.29   78.04 ± 13.6      0.9694 
57                    0.750000   1.00       0.25   1.00     1.00        0.50     98.0  32.32 ± 7.417  775.68 ± 178.01   86.3 ± 4.695      0.9664 
58                    0.750000   1.00       0.25   1.00     1.00        0.25     98.0  30.42 ± 7.236  730.08 ± 173.67  82.02 ± 15.84       0.967 
59                    0.781250   1.00       0.50   0.75     0.75        0.50    100.0  24.94 ± 6.768  598.56 ± 162.45  68.02 ± 15.95      0.9666 
60                    0.781250   1.00       0.50   0.75     0.75        0.25    100.0  24.86 ± 4.728  596.64 ± 113.48  67.54 ± 10.77      0.9722 
61                    0.791667   1.00       0.50   0.75     1.00        0.25    100.0  23.06 ± 4.619  553.44 ± 110.85  63.26 ± 10.43      0.9717 
62                    0.791667   1.00       0.50   0.75     1.00        0.50    100.0  24.18 ± 6.525  580.32 ± 156.62  65.64 ± 13.76      0.9686 
63                    0.802083   0.75       0.50   1.50     1.00        1.00    100.0  25.96 ± 6.437  623.04 ± 154.49  69.66 ± 12.92       0.966 
64                    0.802083   0.75       0.50   1.50     1.00        0.50    100.0  26.34 ± 4.483  632.16 ± 107.61  71.36 ± 10.07       0.979 
65                    0.812500   1.25       0.25   0.75     0.75        0.25     98.0  25.96 ± 7.059  623.04 ± 169.43  70.08 ± 13.85      0.9735 
66                    0.812500   1.25       0.25   0.75     0.75        0.50    100.0    25.42 ± 5.2   610.08 ± 124.8  69.62 ± 11.98       0.975 
67                    0.822917   1.25       0.25   0.75     1.00        0.25    100.0  24.24 ± 6.048  581.76 ± 145.16   66.68 ± 13.6      0.9721 
68                    0.822917   1.25       0.25   0.75     1.00        0.50    100.0   24.3 ± 0.315   583.2 ± 27.561   67.0 ± 2.033      0.9691 
69                    0.822917   1.00       0.50   1.00     0.75        0.50    100.0   21.64 ± 5.26  519.36 ± 126.24  59.74 ± 11.53      0.9693 
70                    0.822917   1.00       0.50   1.00     0.75        0.25    100.0  23.6 ± 0.4332   566.4 ± 30.397  63.04 ± 11.29      0.9681 
71                    0.822917   0.75       0.50   1.50     1.50        1.00    100.0  24.52 ± 5.269  588.48 ± 126.47  66.02 ± 11.96      0.9637 
72                    0.822917   0.75       0.50   1.50     1.50        0.50    100.0   23.88 ± 4.62  573.12 ± 110.88   65.2 ± 0.371      0.9701 
73                    0.833333   1.00       0.50   1.00     1.00        1.00    100.0  20.76 ± 4.077  498.24 ± 97.849  56.92 ± 9.101      0.9675 
74                    0.833333   1.00       0.50   1.00     1.00        0.25    100.0  20.76 ± 3.467  498.24 ± 83.215  56.02 ± 7.436      0.9635 
75                    0.833333   1.00       0.50   1.00     1.00        0.50    100.0  21.98 ± 4.465  527.52 ± 107.16   59.5 ± 0.143      0.9691 
76                    0.854167   1.25       0.25   1.00     0.75        0.25    100.0  22.52 ± 4.495  540.48 ± 107.89  61.88 ± 11.13      0.9692 
77                    0.854167   1.25       0.25   1.00     0.75        0.50    100.0  24.14 ± 5.306  579.36 ± 127.35   64.9 ± 2.633      0.9661 
78                    0.854167   1.00       0.50   1.00     1.50        0.50    100.0  20.72 ± 4.404  497.28 ± 105.71  57.06 ± 10.12      0.9697 
79                    0.854167   1.00       0.50   1.00     1.50        1.00    100.0  20.86 ± 3.985   500.64 ± 95.64  57.64 ± 9.616      0.9713 
80                    0.864583   1.25       0.25   1.00     1.00        0.50    100.0  23.16 ± 4.455  555.84 ± 106.93  62.78 ± 10.02      0.9664 
81                    0.864583   1.25       0.25   1.00     1.00        0.25    100.0  21.66 ± 5.097  519.84 ± 122.33    59.6 ± 1.72      0.9719 
82                    0.885417   0.75       1.00   1.00     1.00        0.50    100.0  17.6 ± 0.1685   422.4 ± 6.0463  47.94 ± 7.582      0.9638 
83                    0.885417   0.75       1.00   1.00     1.00        1.00    100.0  18.56 ± 3.821  445.44 ± 91.723  51.04 ± 8.687        0.97 
84                    0.895833   1.25       0.50   0.75     0.75        0.25    100.0   18.2 ± 0.666   436.8 ± 7.9854  50.7 ± 0.0801      0.9682 
85                    0.895833   1.25       0.50   0.75     0.75        0.50    100.0   17.62 ± 4.39  422.88 ± 105.36  49.2 ± 0.8203      0.9625 
86                    0.906250   0.75       1.00   1.00     1.50        1.00    100.0  16.6 ± 0.0066   398.4 ± 2.1598  46.12 ± 6.958      0.9668 
87                    0.906250   0.75       1.00   1.00     1.50        0.50    100.0  16.58 ± 3.899   397.92 ± 93.58  46.1 ± 0.4858       0.968 
88                    0.906250   1.25       0.50   0.75     1.00        0.25    100.0  17.74 ± 4.836  425.76 ± 116.07  49.04 ± 11.71       0.962 
89                    0.906250   1.25       0.50   0.75     1.00        0.50    100.0  18.68 ± 4.187   448.32 ± 100.5  50.62 ± 9.177      0.9666 
90                    0.916667   1.00       0.50   1.50     1.00        0.50    100.0  19.14 ± 4.454   459.36 ± 106.9  51.56 ± 9.485      0.9644 
91                    0.916667   1.00       0.50   1.50     1.00        1.00    100.0  19.5 ± 0.0657    468.0 ± 7.577  53.22 ± 8.938      0.9647 
92                    0.937500   1.25       0.50   1.00     0.75        0.25    100.0  16.88 ± 3.479  405.12 ± 83.503  47.46 ± 8.114      0.9642 
93                    0.937500   1.25       0.50   1.00     0.75        0.50    100.0  18.0 ± 0.3585   432.0 ± 0.6057  49.1 ± 0.2589      0.9675 
94                    0.937500   1.00       0.50   1.50     1.50        0.50    100.0  18.54 ± 3.263  444.96 ± 78.316   51.12 ± 7.63      0.9672 
95                    0.937500   1.00       0.50   1.50     1.50        1.00    100.0  17.4 ± 0.9933   417.6 ± 1.8398  48.08 ± 6.641       0.961 
96                    0.947917   1.25       0.50   1.00     1.00        0.50    100.0  16.56 ± 3.779  397.44 ± 90.713  45.72 ± 8.483      0.9628 
97                    0.947917   1.25       0.50   1.00     1.00        1.00    100.0  17.14 ± 4.015   411.36 ± 96.36  47.52 ± 8.469      0.9668 
98                    0.947917   1.25       0.50   1.00     1.00        0.25    100.0  16.4 ± 0.2372   393.6 ± 7.6947  45.84 ± 7.669      0.9618 
99                    0.968750   1.25       0.50   1.00     1.50        0.50    100.0  16.22 ± 3.612  389.28 ± 86.704  45.74 ± 8.356      0.9641 
100                   0.968750   1.25       0.50   1.00     1.50        1.00    100.0  15.46 ± 3.125   371.04 ± 75.01  43.24 ± 6.224      0.9558 
101                   0.968750   0.75       1.00   1.50     1.00        0.50    100.0  16.2 ± 0.8209   388.8 ± 1.7038  44.64 ± 9.469      0.9619 
102                   0.968750   0.75       1.00   1.50     1.00        1.00    100.0   16.1 ± 0.816   386.4 ± 7.5846  44.9 ± 0.2256      0.9617 
103                   0.989583   0.75       1.00   1.50     1.50        1.00    100.0  15.42 ± 2.891  370.08 ± 69.407  42.66 ± 7.145      0.9585 
104                   0.989583   0.75       1.00   1.50     1.50        0.50    100.0  15.02 ± 3.177  360.48 ± 76.271  41.44 ± 6.693      0.9551 
105                   1.000000   1.00       1.00   1.00     1.00        0.50    100.0  14.78 ± 2.617  354.72 ± 62.821  41.04 ± 5.834      0.9652 
106                   1.000000   1.00       1.00   1.00     1.00        1.00    100.0  14.14 ± 2.366  339.36 ± 56.796  39.08 ± 5.421      0.9544 
107                   1.020833   1.00       1.00   1.00     1.50        1.00    100.0  13.66 ± 2.581  327.84 ± 61.957  38.06 ± 5.804      0.9521 
108                   1.020833   1.00       1.00   1.00     1.50        0.50    100.0  13.58 ± 2.919  325.92 ± 70.068  38.0 ± 0.7734      0.9595 
109                   1.031250   1.25       0.50   1.50     1.00        0.50    100.0  15.18 ± 3.235  364.32 ± 77.648   42.46 ± 7.04      0.9613 
110                   1.031250   1.25       0.50   1.50     1.00        1.00    100.0  14.96 ± 2.939  359.04 ± 70.538  41.92 ± 6.222      0.9593 
111                   1.052083   1.25       0.50   1.50     1.50        0.50    100.0  14.8 ± 0.1304   355.2 ± 5.1318  40.42 ± 6.312      0.9572 
112                   1.052083   1.25       0.50   1.50     1.50        1.00    100.0  15.02 ± 2.789   360.48 ± 66.94  42.24 ± 6.382      0.9635 
113                   1.083333   1.00       1.00   1.50     1.00        0.50    100.0  12.54 ± 2.237   300.96 ± 53.71  35.32 ± 5.092      0.9533 
114                   1.083333   1.00       1.00   1.50     1.00        1.00    100.0  13.04 ± 2.545  312.96 ± 61.086  36.66 ± 5.945      0.9621 
115                   1.104167   1.00       1.00   1.50     1.50        1.00    100.0  12.32 ± 2.053  295.68 ± 49.288  34.1 ± 0.8672      0.9483 
116                   1.104167   1.00       1.00   1.50     1.50        0.50    100.0  12.56 ± 2.136  301.44 ± 51.285  35.14 ± 5.723      0.9606 
117                   1.114583   1.25       1.00   1.00     1.00        0.50    100.0  11.88 ± 2.132  285.12 ± 51.168  33.06 ± 5.408      0.9583 
118                   1.114583   1.25       1.00   1.00     1.00        1.00    100.0  12.14 ± 2.366  291.36 ± 56.796  34.72 ± 5.528      0.9642 
119                   1.135417   1.25       1.00   1.00     1.50        0.50    100.0  11.04 ± 2.407  264.96 ± 57.791  31.02 ± 5.136      0.9518 
120                   1.135417   1.25       1.00   1.00     1.50        1.00    100.0  11.32 ± 1.974  271.68 ± 47.381  31.64 ± 4.685      0.9517 
121                   1.197917   1.25       1.00   1.50     1.00        0.50    100.0  10.82 ± 1.558  259.68 ± 37.393  30.82 ± 3.609      0.9595 
122                   1.197917   1.25       1.00   1.50     1.00        1.00    100.0  10.8 ± 0.1908   259.2 ± 2.5813  31.2 ± 0.4808      0.9604 
123                   1.218750   1.25       1.00   1.50     1.50        0.50    100.0  10.06 ± 1.725  241.44 ± 41.405  28.7 ± 0.7269      0.9504 
124                   1.218750   1.25       1.00   1.50     1.50        1.00    100.0  10.48 ± 1.962  251.52 ± 47.088  29.96 ± 4.586      0.9578 
125                   1.270833   1.00       1.50   1.50     1.50        1.00    100.0  9.84 ± 0.1105  236.16 ± 50.653  27.72 ± 4.694       0.957 
126                   1.270833   1.00       1.50   1.50     1.50        1.25    100.0  9.88 ± 0.1784  237.12 ± 52.282    28.44 ± 5.4        0.95 
127                   1.281250   1.00       1.50   1.50     1.75        1.00    100.0  10.12 ± 2.446  242.88 ± 58.717  28.34 ± 4.974      0.9526 
128                   1.281250   1.00       1.50   1.50     1.75        1.25    100.0  10.0 ± 0.9183   240.0 ± 6.0399  28.56 ± 3.985      0.9587 
129                   1.312500   1.00       1.50   1.75     1.50        1.00    100.0  9.9 ± 76586.0   237.6 ± 6.3807  27.78 ± 5.532       0.951 
130                   1.312500   1.00       1.50   1.75     1.50        1.25    100.0  9.94 ± 0.9016   238.56 ± 45.64  27.96 ± 4.454       0.953 
131                   1.322917   1.00       1.50   1.75     1.75        1.00    100.0  9.5 ± 26495.0   228.0 ± 4.3588  26.6 ± 0.1133      0.9553 
132                   1.322917   1.00       1.50   1.75     1.75        1.25    100.0  9.64 ± 0.1795  231.36 ± 52.308  27.42 ± 4.695      0.9576 
133                   1.354167   1.00       1.75   1.50     1.50        1.00    100.0  9.3 ± 13775.0   223.2 ± 1.3061  26.5 ± 0.8713       0.948 
134                   1.354167   1.00       1.75   1.50     1.50        1.25    100.0  8.86 ± 0.9079  212.64 ± 45.791  25.32 ± 3.916      0.9542 
135                   1.364583   1.00       1.75   1.50     1.75        1.25    100.0   8.82 ± 0.944  211.68 ± 70.657  25.42 ± 4.899      0.9615 
136                   1.364583   1.00       1.75   1.50     1.75        1.00    100.0  8.8 ± 34093.0   211.2 ± 6.1825  25.6 ± 0.2708      0.9447 
137                   1.385417   1.25       1.50   1.50     1.50        1.00    100.0  9.12 ± 0.2417  218.88 ± 53.802  25.1 ± 0.2766      0.9518 
138                   1.385417   1.25       1.50   1.50     1.50        1.25    100.0  8.46 ± 0.0219  203.04 ± 48.527   24.58 ± 4.69      0.9577 
139                   1.395833   1.25       1.50   1.50     1.75        1.00    100.0  8.8 ± 47386.0   211.2 ± 9.3727  24.48 ± 4.373      0.9583 
140                   1.395833   1.25       1.50   1.50     1.75        1.25    100.0  8.16 ± 0.6894  195.84 ± 40.547  23.44 ± 3.683      0.9546 
141                   1.395833   1.00       1.75   1.75     1.50        1.00    100.0  8.9 ± 32594.0   213.6 ± 5.8225  25.26 ± 3.963      0.9558 
142                   1.395833   1.00       1.75   1.75     1.50        1.25    100.0  9.14 ± 0.0298  219.36 ± 48.717  25.72 ± 4.724      0.9604 
143                   1.406250   1.00       1.75   1.75     1.75        1.25    100.0  9.18 ± 0.5035  220.32 ± 60.084  26.04 ± 4.284       0.952 
144                   1.406250   1.00       1.75   1.75     1.75        1.00    100.0  8.9 ± 64012.0   213.6 ± 9.3629  25.48 ± 4.313      0.9538 
145                   1.427083   1.25       1.50   1.75     1.50        1.00    100.0   8.58 ± 0.733  205.92 ± 41.594  24.52 ± 3.699      0.9595 
146                   1.427083   1.25       1.50   1.75     1.50        1.25    100.0  8.26 ± 0.4534  198.24 ± 34.881  24.0 ± 0.0249      0.9638 
147                   1.437500   1.25       1.50   1.75     1.75        1.00    100.0  8.1 ± 64012.0   194.4 ± 9.3629  23.4 ± 0.1617      0.9559 
148                   1.437500   1.25       1.50   1.75     1.75        1.25    100.0   8.34 ± 0.872  200.16 ± 44.928  24.12 ± 4.537      0.9529 
149                   1.468750   1.25       1.75   1.50     1.50        1.00    100.0  7.84 ± 0.5278  188.16 ± 36.668  23.2 ± 0.2614      0.9615 
150                   1.468750   1.25       1.75   1.50     1.50        1.25    100.0  7.74 ± 0.8847  185.76 ± 45.234  22.46 ± 4.414      0.9482 
151                   1.479167   1.25       1.75   1.50     1.75        1.00    100.0  7.52 ± 0.4455  180.48 ± 34.693   22.1 ± 0.312      0.9515 
152                   1.479167   1.25       1.75   1.50     1.75        1.25    100.0  8.08 ± 0.5727  193.92 ± 37.746  23.3 ± 0.4655      0.9556 
153                   1.500000   1.50       1.50   1.50     1.50        1.25    100.0  7.28 ± 0.6857  174.72 ± 40.456  21.92 ± 3.497      0.9523 
154                   1.500000   1.50       1.50   1.50     1.50        1.00    100.0  7.92 ± 0.0478  190.08 ± 49.147  22.7 ± 0.2201      0.9541 
155                   1.510417   1.25       1.75   1.75     1.50        1.00    100.0  7.54 ± 0.7687  180.96 ± 42.449  21.64 ± 3.077      0.9518 
156                   1.510417   1.50       1.50   1.50     1.75        1.00    100.0  6.98 ± 0.3782  167.52 ± 33.078  20.78 ± 3.087      0.9505 
157                   1.510417   1.50       1.50   1.50     1.75        1.25    100.0  7.26 ± 0.5206  174.24 ± 36.495  21.26 ± 3.537      0.9519 
158                   1.510417   1.25       1.75   1.75     1.50        1.25    100.0  8.02 ± 0.9025   192.48 ± 45.66  22.72 ± 3.914      0.9497 
159                   1.520833   1.25       1.75   1.75     1.75        1.00    100.0  7.72 ± 0.6252  185.28 ± 39.007  22.4 ± 0.2755      0.9511 
160                   1.520833   1.25       1.75   1.75     1.75        1.25    100.0  7.74 ± 0.4671   185.76 ± 35.21  22.1 ± 0.4942      0.9613 
161                   1.541667   1.50       1.50   1.75     1.50        1.00    100.0  6.86 ± 0.7664  164.64 ± 42.395   20.44 ± 4.45      0.9499 
162                   1.541667   1.50       1.50   1.75     1.50        1.25    100.0  6.98 ± 0.4898  167.52 ± 35.755  20.96 ± 3.599      0.9575 
163                   1.552083   1.50       1.50   1.75     1.75        1.25    100.0  7.16 ± 0.7362  171.84 ± 41.668  21.14 ± 3.773      0.9503 
164                   1.552083   1.50       1.50   1.75     1.75        1.00    100.0  7.38 ± 0.7191   177.12 ± 41.26  21.34 ± 3.216      0.9527 
165                   1.583333   1.50       1.75   1.50     1.50        1.00    100.0  6.8 ± 41421.0   163.2 ± 3.9411  20.34 ± 3.467      0.9538 
166                   1.583333   1.50       1.75   1.50     1.50        1.25    100.0  6.82 ± 0.1258  163.68 ± 27.021  19.94 ± 2.266      0.9474 
167                   1.593750   1.50       1.75   1.50     1.75        1.00    100.0  6.86 ± 0.4143  164.64 ± 33.944  20.38 ± 3.291      0.9557 
168                   1.593750   1.50       1.75   1.50     1.75        1.25    100.0  7.02 ± 0.3926  168.48 ± 33.424   20.4 ± 0.231      0.9553 
169                   1.625000   1.50       1.75   1.75     1.50        1.00    100.0  6.62 ± 0.5606  158.88 ± 37.455  19.86 ± 3.555      0.9472 
170                   1.625000   1.50       1.75   1.75     1.50        1.25    100.0  6.9 ± 45945.0   165.6 ± 5.0268  20.36 ± 3.404      0.9571 
171                   1.635417   1.50       1.75   1.75     1.75        1.00    100.0  6.4 ± 23288.0   153.6 ± 9.5891  19.34 ± 2.761      0.9542 
172                   1.635417   1.50       1.75   1.75     1.75        1.25    100.0  6.86 ± 0.5875  164.64 ± 38.101  20.24 ± 3.496       0.956 